landmarks:
  living_room:
    x: 4.468369007110596
    y: 15.477757453918457
  entrance:
    x: 6.8884124755859375
    y: 17.353004455566406
  kitchen:
    x: 3.1941046714782715
    y: 17.2850399017334
